n=21; delta=10^-14;
matrix
gauss; backsolve;
x'

ans =

   1.00000000000000
   0.99999999941926
   1.00000004057473
   0.99999876645936
   1.00002201965612
   0.99973852539521
   1.00221157602420
   0.98610012328951
   1.06674647977395
   0.75053470656479
   1.73445622564842
  -0.71501640239272
   4.18369161688638
  -3.68860129626046
   6.43956583664159
  -3.90681385465311
   4.36779542757808
  -0.69806991268570
   1.59264505122332
   0.87216054066822
   1.01283453018887

a=A;
b_alt1'

ans =

   0.99999999999999
   1.05263157894736
   1.11111111111110
   1.17647058823528
   1.24999999999999
   1.33333333333302
   1.42857142855648
   1.53846153805178
   1.66666665933658
   1.81818172331810
   1.99999904632567
   2.22221438063520
   2.49994515762339
   2.85680625843446
   3.33147151378638
   3.99048636418319
   4.95388313981572
   6.44702932385441
   8.90581010868487
  13.18876747423768
  20.99999999999999

gauss_alt1; backsolve_alt1;
x_alt1'

ans =

   0.99999999999999
   0.99999999941926
   1.00000004057473
   0.99999876645936
   1.00002201965612
   0.99973852539521
   1.00221157602420
   0.98610012328951
   1.06674647977395
   0.75053470656479
   1.73445622564842
  -0.71501640353196
   4.18369163777241
  -3.68860148905459
   6.43956702595601
  -3.90681933523674
   4.36781537467133
  -0.69812889117077
   1.59278777937019
   0.87188393802762
   1.01322039038659

a=A;
b_alt2'

ans =

   1.00000000000001
   1.05263157894738
   1.11111111111112
   1.17647058823530
   1.25000000000001
   1.33333333333304
   1.42857142855650
   1.53846153805180
   1.66666665933660
   1.81818172331812
   1.99999904632569
   2.22221438063522
   2.49994515762341
   2.85680625843448
   3.33147151378640
   3.99048636418321
   4.95388313981574
   6.44702932385443
   8.90581010868489
  13.18876747423771
  21.00000000000001

gauss_alt2; backsolve_alt2;
x_alt2'

ans =

   1.00000000000001
   0.99999999941926
   1.00000004057473
   0.99999876645936
   1.00002201965612
   0.99973852539521
   1.00221157602420
   0.98610012328951
   1.06674647977395
   0.75053470656479
   1.73445622564842
  -0.71501640125348
   4.18369159600035
  -3.68860110346634
   6.43956464732718
  -3.90680837406948
   4.36777548048398
  -0.69801093418366
   1.59250225023826
   0.87243859642569
   1.01243417875231

berror1

berror1 =

     9.090909092179800e-08

xerror1

xerror1 =

     9.999999944905413e-07

berror2

berror2 =

     0

xerror2

xerror2 =

     1.835687147669790e-11

cond(A, inf)
Warning: Matrix is close to singular or badly scaled.
         Results may be inaccurate. RCOND = 4.824070e-18.
> In /usr/local/matlab_6.5/toolbox/matlab/matfun/cond.m at line 45

ans =

     2.396673963555902e+17

clear
n=21; delta=10^-10;
matrix
gauss; backsolve;
a=A;
b_alt1'

ans =

   0.99999999990000
   1.05263157884737
   1.11111111101111
   1.17647058813529
   1.24999999990000
   1.33333333323303
   1.42857142845649
   1.53846153795179
   1.66666665923659
   1.81818172321811
   1.99999904622568
   2.22221438053521
   2.49994515752340
   2.85680625833447
   3.33147151368639
   3.99048636408320
   4.95388313971573
   6.44702932375442
   8.90581010858488
  13.18876747413769
  20.99999999990000

gauss_alt1; backsolve_alt1;
x_alt1'

ans =

   0.99999999990000
   0.99999999941926
   1.00000004057473
   0.99999876645936
   1.00002201965612
   0.99973852539521
   1.00221157602420
   0.98610012328951
   1.06674647977395
   0.75053470656479
   1.73445622564842
  -0.71501640239272
   4.18369161688638
  -3.68860129626046
   6.43956583664159
  -3.90681385465311
   4.36779542757808
  -0.69806991268570
   1.59264505122332
   0.87216054066822
   1.01283453018887

a=A;
b_alt2'

ans =

   1.00000000010000
   1.05263157904737
   1.11111111121111
   1.17647058833529
   1.25000000010000
   1.33333333343303
   1.42857142865649
   1.53846153815179
   1.66666665943659
   1.81818172341811
   1.99999904642568
   2.22221438073521
   2.49994515772340
   2.85680625853447
   3.33147151388639
   3.99048636428320
   4.95388313991573
   6.44702932395442
   8.90581010878488
  13.18876747433769
  21.00000000010000

gauss_alt2; backsolve_alt2;
x_alt2'

ans =

   1.00000000010000
   0.99999999941926
   1.00000004057473
   0.99999876645936
   1.00002201965612
   0.99973852539521
   1.00221157602420
   0.98610012328951
   1.06674647977395
   0.75053470656479
   1.73445622564842
  -0.71501640239272
   4.18369161688638
  -3.68860129626046
   6.43956583664159
  -3.90681385465311
   4.36779542757808
  -0.69806991268570
   1.59264505122332
   0.87216054066822
   1.01283453018887

table
berror1

berror1 =

     4.761905155906529e-12

xerror1

xerror1 =

     1.552899850872397e-11

berror2

berror2 =

     0

xerror2

xerror2 =

     0

clear
n=21; delta=10^-6;
matrix
gauss; backsolve;
a=A;
b_alt1'

ans =

   0.99999900000000
   1.05263057894737
   1.11111011111111
   1.17646958823529
   1.24999900000000
   1.33333233333303
   1.42857042855649
   1.53846053805179
   1.66666565933659
   1.81818072331811
   1.99999804632568
   2.22221338063521
   2.49994415762340
   2.85680525843447
   3.33147051378639
   3.99048536418320
   4.95388213981573
   6.44702832385442
   8.90580910868488
  13.18876647423770
  20.99999900000000

gauss_alt1; backsolve_alt1;
x_alt1'

ans =

   0.99999900000000
   0.99999999941926
   1.00000004057470
   0.99999876645951
   1.00002201965538
   0.99973852539817
   1.00221157601433
   0.98610012331771
   1.06674647970346
   0.75053470672143
   1.73445622533513
  -0.71501640239272
   4.18369162638003
  -3.68860139265753
   6.43956646676958
  -3.90681704563251
   4.36780889951658
  -0.69811908052378
   1.59280288008478
   0.87171167678976
   1.01396696584165

a=A; b_alt2'

ans =

   1.00000100000000
   1.05263257894737
   1.11111211111111
   1.17647158823529
   1.25000100000000
   1.33333433333303
   1.42857242855649
   1.53846253805179
   1.66666765933659
   1.81818272331811
   2.00000004632568
   2.22221538063521
   2.49994615762340
   2.85680725843447
   3.33147251378639
   3.99048736418320
   4.95388413981573
   6.44703032385442
   8.90581110868488
  13.18876847423769
  21.00000100000000

gauss_alt2; backsolve_alt2; x_alt2'

ans =

   1.00000100000000
   0.99999999941926
   1.00000004057473
   0.99999876645936
   1.00002201965612
   0.99973852539521
   1.00221157602420
   0.98610012328951
   1.06674647977395
   0.75053470656479
   1.73445622627500
  -0.71501641378510
   4.18369172131653
  -3.68860193890754
   6.43956882453324
  -3.90682508289518
   4.36783117656632
  -0.69817006501461
   1.59289998191691
   0.87155642548338
   1.01418198726758

table
berror1

berror1 =

     4.761904766799793e-08

xerror1

xerror1 =

     6.970405922425801e-05

berror2

berror2 =

     0

xerror2

xerror2 =

     9.381303028264398e-05

diary
